{"producer":{"name":"Blender","version":"2.92.0","exporter_version":"2.80.1","file":"test.babylon"},
"autoClear":true,"clearColor":[0.0509,0.0509,0.0509],"gravity":[0,-9.81,0],
"materials":[{"name":"Material","id":"Material","customType":"BABYLON.PBRMaterial","backFaceCulling":true,"checkReadyOnlyOnce":false,"maxSimultaneousLights":4,"environmentIntensity":1,"albedo":[0.8,0.8,0.8],"reflectivity":[0.5,0.5,0.5],"roughness":0.4,"alpha":1,"transparencyMode":0,"alphaCutOff":0.4,"metallic":0}],
"multiMaterials":[],
"skeletons":[{"name":"Character","id":0,"dimensionsAtRest":[153.2789,201.1183,36.3403],"bones":[
{"name":"mixamorig1:Hips","index":0,"matrix":[0.9987,-0.0207,0.047,0,0.0216,0.9996,-0.0167,0,0.0467,-0.0177,-0.9988,0,0.1183,57.8912,-106.9577,1],"rest":[1,0,0,0,0,1,0,0,0,0,-1,0,0.1137,58.6889,0.4214,1],"parentBoneIndex":-1,"length":9.7165
,"animation":{"dataType":3,"framePerSecond":30,"keys":[
{"frame":1,"values":[1,0,0,0,0,1,0,0,0,0,-1,0,0.0001,58.1502,0.209,1]},
{"frame":2,"values":[1,0,0,0,0,1,0,0,0,0,-1,0,0.0001,58.1502,0.209,1]},
{"frame":11,"values":[1,0,0,0,0,1,0,0,0,0,-1,0,0.0001,58.1502,0.209,1]},
{"frame":283,"values":[1,0,0,0,0,1,0,0,0,0,-1,0,0.0001,58.1502,0.209,1]},
{"frame":291,"values":[0.9987,-0.0207,0.047,0,0.0216,0.9996,-0.0167,0,0.0467,-0.0177,-0.9988,0,0.1183,57.8912,0.6536,1]},
{"frame":292,"values":[0.9995,-0.0205,0.0244,0,0.0209,0.9996,-0.0173,0,0.024,-0.0178,-0.9996,0,0.0587,58.2257,-2.6742,1]},
{"frame":293,"values":[0.9997,-0.0247,0.0054,0,0.0248,0.9996,-0.0155,0,0.005,-0.0156,-0.9999,0,0.0271,58.1718,-5.9691,1]},
{"frame":294,"values":[0.9996,-0.0288,-0.0082,0,0.0287,0.9995,-0.0123,0,-0.0086,-0.012,-0.9999,0,0.0341,57.8073,-9.4074,1]},
{"frame":295,"values":[0.9994,-0.0304,-0.0186,0,0.0302,0.9995,-0.0107,0,-0.0189,-0.0102,-0.9998,0,0.0458,57.2235,-12.7711,1]},
{"frame":296,"values":[0.9991,-0.0302,-0.03,0,0.0298,0.9995,-0.0123,0,-0.0304,-0.0114,-0.9995,0,0.0934,56.5559,-16.105,1]},
{"frame":297,"values":[0.9986,-0.0301,-0.0437,0,0.0295,0.9995,-0.0148,0,-0.0441,-0.0135,-0.9989,0,0.1921,55.8821,-19.4654,1]},
{"frame":298,"values":[0.9979,-0.0303,-0.0571,0,0.0295,0.9995,-0.0149,0,-0.0575,-0.0132,-0.9983,0,0.3452,55.135,-22.9912,1]},
{"frame":299,"values":[0.9973,-0.0285,-0.067,0,0.0277,0.9995,-0.0141,0,-0.0674,-0.0123,-0.9977,0,0.6091,54.3196,-26.8063,1]},
{"frame":300,"values":[0.9971,-0.0215,-0.0725,0,0.0203,0.9996,-0.0174,0,-0.0729,-0.0158,-0.9972,0,0.8754,53.7979,-30.6968,1]},
{"frame":301,"values":[0.9973,-0.0091,-0.0725,0,0.0073,0.9997,-0.0245,0,-0.0727,-0.0239,-0.9971,0,1.1365,53.3438,-34.2603,1]},
{"frame":302,"values":[0.9978,0.0056,-0.066,0,-0.0075,0.9996,-0.0284,0,-0.0658,-0.0288,-0.9974,0,1.3457,53.2129,-37.4666,1]},
{"frame":303,"values":[0.9983,0.0114,-0.0567,0,-0.0128,0.9996,-0.0255,0,-0.0564,-0.0262,-0.9981,0,1.6095,53.9484,-40.926,1]},
{"frame":304,"values":[0.9988,0.0063,-0.0478,0,-0.0072,0.9998,-0.0193,0,-0.0477,-0.0196,-0.9987,0,1.8702,55.2412,-44.5382,1]},
{"frame":305,"values":[0.9994,-0.0069,-0.0346,0,0.0063,0.9999,-0.0152,0,-0.0347,-0.0149,-0.9993,0,2.0602,56.6032,-48.1037,1]},
{"frame":306,"values":[0.9997,-0.0205,-0.0105,0,0.0203,0.9997,-0.0154,0,-0.0108,-0.0152,-0.9998,0,2.2078,57.7365,-51.6297,1]},
{"frame":307,"values":[0.9994,-0.025,0.0221,0,0.0254,0.9995,-0.0197,0,0.0216,-0.0203,-0.9996,0,2.2854,58.2881,-54.8714,1]},
{"frame":308,"values":[0.9984,-0.0187,0.0533,0,0.0201,0.9995,-0.026,0,0.0528,-0.027,-0.9982,0,2.3059,58.3326,-58.0598,1]},
{"frame":309,"values":[0.9972,-0.0064,0.0749,0,0.0087,0.9995,-0.0309,0,0.0746,-0.0314,-0.9967,0,2.2988,57.9363,-61.3818,1]},
{"frame":310,"values":[0.9962,0.0056,0.0872,0,-0.0027,0.9995,-0.0329,0,0.0874,-0.0326,-0.9956,0,2.2988,57.2258,-64.7593,1]},
{"frame":311,"values":[0.9952,0.0153,0.0968,0,-0.0121,0.9994,-0.0335,0,0.0973,-0.0322,-0.9947,0,2.2744,56.4236,-68.1855,1]},
{"frame":312,"values":[0.9938,0.0229,0.1092,0,-0.0192,0.9992,-0.0348,0,0.1099,-0.0325,-0.9934,0,2.2254,55.5117,-71.6704,1]},
{"frame":313,"values":[0.9919,0.0271,0.1244,0,-0.0226,0.999,-0.0375,0,0.1253,-0.0344,-0.9915,0,2.1265,54.653,-75.097,1]},
{"frame":314,"values":[0.9901,0.0248,0.138,0,-0.0193,0.999,-0.0413,0,0.1389,-0.0382,-0.9896,0,1.9082,53.95,-78.6655,1]},
{"frame":315,"values":[0.9895,0.0155,0.1437,0,-0.0088,0.9989,-0.0466,0,0.1443,-0.0448,-0.9885,0,1.6293,53.6119,-82.3903,1]},
{"frame":316,"values":[0.9903,0.0007,0.1388,0,0.0067,0.9986,-0.0528,0,0.1387,-0.0532,-0.9889,0,1.3173,53.577,-86.0407,1]},
{"frame":317,"values":[0.9914,-0.0185,0.1296,0,0.0259,0.9981,-0.0555,0,0.1283,-0.0583,-0.99,0,1.0391,53.9185,-89.5647,1]},
{"frame":318,"values":[0.9919,-0.0352,0.1216,0,0.0416,0.9979,-0.0503,0,0.1196,-0.055,-0.9913,0,0.7032,54.4887,-92.9073,1]},
{"frame":319,"values":[0.9927,-0.0405,0.1137,0,0.0452,0.9982,-0.0388,0,0.1119,-0.0436,-0.9928,0,0.4811,55.4946,-96.3699,1]},
{"frame":320,"values":[0.9944,-0.0354,0.0998,0,0.0382,0.9989,-0.0269,0,0.0988,-0.0306,-0.9946,0,0.3206,56.5672,-100.0028,1]},
{"frame":321,"values":[0.9967,-0.0272,0.077,0,0.0288,0.9994,-0.0194,0,0.0764,-0.0215,-0.9968,0,0.2033,57.3608,-103.5706,1]},
{"frame":322,"values":[0.9987,-0.0207,0.047,0,0.0216,0.9996,-0.0167,0,0.0467,-0.0177,-0.9988,0,0.1183,57.8912,-106.9577,1]}],"loopBehavior":1,"name":"anim","property":"_matrix"}},
{"name":"mixamorig1:Spine","index":1,"matrix":[1,0,0,0,0,0.9995,-0.0332,0,0,0.0332,0.9995,0,0,7.7422,-0.257,1],"rest":[1,0,0,0,0,0.9994,-0.0332,0,0,0.0332,0.9994,0,0,7.7421,-0.257,1],"parentBoneIndex":0,"length":9.0375
,"animation":{"dataType":3,"framePerSecond":30,"keys":[
{"frame":1,"values":[1,0,0,0,0,0.9995,-0.0332,0,0,0.0332,0.9995,0,0,7.7421,-0.257,1]},
{"frame":2,"values":[1,0,0,0,0,0.9995,-0.0332,0,0,0.0332,0.9995,0,0,7.7421,-0.257,1]},
{"frame":11,"values":[1,0,0,0,0,0.9995,-0.0332,0,0,0.0332,0.9995,0,0,7.7421,-0.257,1]},
{"frame":175,"values":[0.9964,-0.085,0.0028,0,0.085,0.9958,-0.0331,0,0,0.0332,0.9995,0,0,7.7421,-0.257,1]},
{"frame":176,"values":[0.9815,-0.1915,0.0064,0,0.1916,0.9809,-0.0326,0,0,0.0332,0.9995,0,0,7.7421,-0.257,1]},
{"frame":177,"values":[0.955,-0.2964,0.0098,0,0.2966,0.9545,-0.0317,0,0,0.0332,0.9995,0,0,7.7421,-0.257,1]},
{"frame":178,"values":[0.9173,-0.3981,0.0132,0,0.3983,0.9168,-0.0304,0,0,0.0332,0.9995,0,0,7.7421,-0.257,1]},
{"frame":179,"values":[0.869,-0.4946,0.0164,0,0.4948,0.8685,-0.0288,0,0,0.0332,0.9995,0,0,7.7421,-0.257,1]},
{"frame":180,"values":[0.8113,-0.5844,0.0194,0,0.5847,0.8108,-0.0269,0,0,0.0332,0.9995,0,0,7.7421,-0.257,1]},
{"frame":181,"values":[0.9734,-0.2097,0.0918,0,0.2126,0.9769,-0.0233,0,-0.0848,0.0422,0.9955,0,0,7.7421,-0.257,1]},
{"frame":182,"values":[0.9822,0.0062,0.1879,0,0,0.9995,-0.0332,0,-0.188,0.0326,0.9816,0,0,7.7421,-0.257,1]},
{"frame":183,"values":[0.957,0.0096,0.29,0,0,0.9995,-0.0332,0,-0.2901,0.0317,0.9565,0,0,7.7421,-0.257,1]},
{"frame":184,"values":[0.9209,0.0129,0.3896,0,0,0.9995,-0.0332,0,-0.3898,0.0306,0.9204,0,0,7.7421,-0.257,1]},
{"frame":185,"values":[0.8743,0.0161,0.4851,0,0,0.9995,-0.0332,0,-0.4854,0.029,0.8738,0,0,7.7421,-0.257,1]},
{"frame":186,"values":[0.8181,0.0191,0.5748,0,0,0.9995,-0.0332,0,-0.5751,0.0271,0.8176,0,0,7.7421,-0.257,1]},
{"frame":187,"values":[0.7533,0.0218,0.6573,0,0,0.9995,-0.0332,0,-0.6577,0.025,0.7529,0,0,7.7421,-0.257,1]},
{"frame":188,"values":[0.9287,0.0246,0.37,0,0.0124,0.9952,-0.0973,0,-0.3706,0.0949,0.9239,0,0,7.7421,-0.257,1]},
{"frame":189,"values":[1,0,0,0,0,0.9793,-0.2025,0,0,0.2025,0.9793,0,0,7.7421,-0.257,1]},
{"frame":190,"values":[1,0,0,0,0,0.9522,-0.3056,0,0,0.3056,0.9522,0,0,7.7421,-0.257,1]},
{"frame":191,"values":[1,0,0,0,0,0.9138,-0.4061,0,0,0.4061,0.9138,0,0,7.7421,-0.257,1]},
{"frame":192,"values":[1,0,0,0,0,0.8647,-0.5023,0,0,0.5023,0.8647,0,0,7.7421,-0.257,1]},
{"frame":193,"values":[1,0,0,0,0,0.8057,-0.5923,0,0,0.5923,0.8057,0,0,7.7421,-0.257,1]},
{"frame":194,"values":[1,0,0,0,0,0.7379,-0.6749,0,0,0.6749,0.7379,0,0,7.7421,-0.257,1]},
{"frame":195,"values":[1,0,0,0,0,0.8532,-0.5216,0,0,0.5216,0.8532,0,0,7.7421,-0.257,1]},
{"frame":196,"values":[1,0,0,0,0,0.9995,-0.0332,0,0,0.0332,0.9995,0,0,7.7421,-0.257,1]},
{"frame":283,"values":[1,0,0,0,0,0.9995,-0.0332,0,0,0.0332,0.9995,0,0,7.7421,-0.257,1]},
{"frame":291,"values":[1,-0.0006,-0.0064,0,0.0004,0.9996,-0.0297,0,0.0064,0.0297,0.9995,0,0,7.7421,-0.257,1]},
{"frame":292,"values":[0.9999,-0.0043,-0.0114,0,0.004,0.9996,-0.0294,0,0.0116,0.0294,0.9995,0,0,7.7421,-0.257,1]},
{"frame":293,"values":[0.9999,-0.0059,-0.0157,0,0.0055,0.9996,-0.0275,0,0.0159,0.0274,0.9995,0,0,7.7421,-0.257,1]},
{"frame":294,"values":[0.9998,-0.0059,-0.0191,0,0.0054,0.9996,-0.0265,0,0.0193,0.0264,0.9995,0,0,7.7421,-0.257,1]},
{"frame":295,"values":[0.9997,-0.0058,-0.0222,0,0.0053,0.9997,-0.0252,0,0.0223,0.0251,0.9994,0,0,7.7421,-0.257,1]},
{"frame":296,"values":[0.9996,-0.0065,-0.0258,0,0.0059,0.9997,-0.025,0,0.026,0.0249,0.9994,0,0,7.7421,-0.257,1]},
{"frame":297,"values":[0.9995,-0.0081,-0.03,0,0.0073,0.9997,-0.0253,0,0.0302,0.0251,0.9992,0,0,7.7421,-0.257,1]},
{"frame":298,"values":[0.9994,-0.0097,-0.034,0,0.0088,0.9996,-0.0258,0,0.0343,0.0255,0.9991,0,0,7.7421,-0.257,1]},
{"frame":299,"values":[0.9992,-0.0111,-0.0371,0,0.0101,0.9996,-0.0269,0,0.0374,0.0265,0.9989,0,0,7.7421,-0.257,1]},
{"frame":300,"values":[0.9991,-0.0139,-0.0391,0,0.0127,0.9994,-0.0308,0,0.0395,0.0303,0.9988,0,0,7.7421,-0.257,1]},
{"frame":301,"values":[0.999,-0.02,-0.0393,0,0.0186,0.9992,-0.0362,0,0.04,0.0354,0.9986,0,0,7.7421,-0.257,1]},
{"frame":302,"values":[0.9989,-0.0282,-0.0363,0,0.0268,0.9989,-0.0382,0,0.0374,0.0372,0.9986,0,0,7.7421,-0.257,1]},
{"frame":303,"values":[0.9991,-0.0296,-0.0309,0,0.0285,0.9989,-0.0365,0,0.0319,0.0356,0.9989,0,0,7.7421,-0.257,1]},
{"frame":304,"values":[0.9994,-0.0257,-0.0246,0,0.0248,0.9991,-0.0339,0,0.0254,0.0333,0.9991,0,0,7.7421,-0.257,1]},
{"frame":305,"values":[0.9997,-0.0175,-0.0173,0,0.0169,0.9993,-0.032,0,0.0179,0.0316,0.9993,0,0,7.7421,-0.257,1]},
{"frame":306,"values":[0.9999,-0.0085,-0.0089,0,0.0082,0.9995,-0.0314,0,0.0091,0.0313,0.9995,0,0,7.7421,-0.257,1]},
{"frame":307,"values":[1,-0.0035,-0.0001,0,0.0035,0.9995,-0.0306,0,0.0002,0.0306,0.9995,0,0,7.7421,-0.257,1]},
{"frame":308,"values":[1,-0.0017,0.0071,0,0.0019,0.9996,-0.0298,0,-0.007,0.0299,0.9995,0,0,7.7421,-0.257,1]},
{"frame":309,"values":[0.9999,-0.0016,0.0118,0,0.0019,0.9996,-0.0292,0,-0.0117,0.0292,0.9995,0,0,7.7421,-0.257,1]},
{"frame":310,"values":[0.9999,-0.0009,0.0146,0,0.0013,0.9996,-0.0276,0,-0.0146,0.0276,0.9995,0,0,7.7421,-0.257,1]},
{"frame":311,"values":[0.9999,-0.0011,0.0173,0,0.0016,0.9997,-0.0259,0,-0.0172,0.026,0.9995,0,0,7.7421,-0.257,1]},
{"frame":312,"values":[0.9998,-0.0012,0.0207,0,0.0017,0.9997,-0.0251,0,-0.0206,0.0251,0.9995,0,0,7.7421,-0.257,1]},
{"frame":313,"values":[0.9997,-0.0001,0.0244,0,0.0007,0.9997,-0.0249,0,-0.0244,0.025,0.9994,0,0,7.7421,-0.257,1]},
{"frame":314,"values":[0.9996,0.0024,0.0271,0,-0.0017,0.9996,-0.0271,0,-0.0272,0.027,0.9993,0,0,7.7421,-0.257,1]},
{"frame":315,"values":[0.9996,0.0051,0.0277,0,-0.0042,0.9995,-0.0318,0,-0.0278,0.0317,0.9991,0,0,7.7421,-0.257,1]},
{"frame":316,"values":[0.9997,0.0064,0.0256,0,-0.0055,0.9993,-0.0367,0,-0.0259,0.0365,0.999,0,0,7.7421,-0.257,1]},
{"frame":317,"values":[0.9997,0.0107,0.0226,0,-0.0098,0.9992,-0.0391,0,-0.023,0.0389,0.999,0,0,7.7421,-0.257,1]},
{"frame":318,"values":[0.9997,0.0151,0.0188,0,-0.0143,0.9992,-0.0379,0,-0.0193,0.0376,0.9991,0,0,7.7421,-0.257,1]},
{"frame":319,"values":[0.9998,0.0154,0.0141,0,-0.0149,0.9993,-0.0348,0,-0.0147,0.0345,0.9993,0,0,7.7421,-0.257,1]},
{"frame":320,"values":[0.9999,0.0106,0.0083,0,-0.0103,0.9994,-0.0321,0,-0.0086,0.032,0.9995,0,0,7.7421,-0.257,1]},
{"frame":321,"values":[1,0.0046,0.0011,0,-0.0046,0.9995,-0.031,0,-0.0013,0.031,0.9995,0,0,7.7421,-0.257,1]},
{"frame":322,"values":[1,-0.0006,-0.0064,0,0.0004,0.9996,-0.0297,0,0.0064,0.0297,0.9995,0,0,7.7421,-0.257,1]}],"loopBehavior":1,"name":"anim","property":"_matrix"}},
{"name":"mixamorig1:Spine1","index":2,"matrix":[1,0,0,0,0,1,0,0,0,0,1,0,0,9.0375,0,1],"rest":[1,0,0,0,0,1,0,0,0,0,1,0,0,9.0375,0,1],"parentBoneIndex":1,"length":10.3285
,"animation":{"dataType":3,"framePerSecond":30,"keys":[
{"frame":1,"values":[1,0,0,0,0,1,0,0,0,0,1,0,0,9.0375,0,1]},
{"frame":2,"values":[1,0,0,0,0,1,0,0,0,0,1,0,0,9.0375,0,1]},
{"frame":11,"values":[1,0,0,0,0,1,0,0,0,0,1,0,0,9.0375,0,1]},
{"frame":153,"values":[0.999,-0.0449,0,0,0.0449,0.999,0,0,0,0,1,0,0,9.0375,0,1]},
{"frame":154,"values":[0.9875,-0.1578,0,0,0.1578,0.9875,0,0,0,0,1,0,0,9.0375,0,1]},
{"frame":155,"values":[0.9629,-0.2699,0,0,0.2699,0.9629,0,0,0,0,1,0,0,9.0375,0,1]},
{"frame":156,"values":[0.9255,-0.3788,0,0,0.3788,0.9255,0,0,0,0,1,0,0,9.0375,0,1]},
{"frame":157,"values":[0.8759,-0.4824,0,0,0.4824,0.8759,0,0,0,0,1,0,0,9.0375,0,1]},
{"frame":158,"values":[0.8154,-0.5788,0,0,0.5788,0.8154,0,0,0,0,1,0,0,9.0375,0,1]},
{"frame":159,"values":[0.8959,-0.4418,0.0455,0,0.4418,0.897,0.0106,0,-0.0455,0.0106,0.9989,0,0,9.0375,0,1]},
{"frame":160,"values":[0.9871,0,0.1602,0,0,1,0,0,-0.1602,0,0.9871,0,0,9.0375,0,1]},
{"frame":161,"values":[0.9624,0,0.2718,0,0,1,0,0,-0.2718,0,0.9624,0,0,9.0375,0,1]},
{"frame":162,"values":[0.9245,0,0.3811,0,0,1,0,0,-0.3811,0,0.9245,0,0,9.0375,0,1]},
{"frame":163,"values":[0.8741,0,0.4858,0,0,1,0,0,-0.4858,0,0.8741,0,0,9.0375,0,1]},
{"frame":164,"values":[0.8119,0,0.5838,0,0,1,0,0,-0.5838,0,0.8119,0,0,9.0375,0,1]},
{"frame":165,"values":[0.7394,0,0.6733,0,0,1,0,0,-0.6733,0,0.7394,0,0,9.0375,0,1]},
{"frame":166,"values":[0.7688,0.006,0.6394,0,0.006,0.9998,-0.0167,0,-0.6394,0.0167,0.7687,0,0,9.0375,0,1]},
{"frame":167,"values":[1,0,0,0,0,0.9944,-0.1052,0,0,0.1052,0.9944,0,0,9.0375,0,1]},
{"frame":168,"values":[1,0,0,0,0,0.9815,-0.1915,0,0,0.1915,0.9815,0,0,9.0375,0,1]},
{"frame":169,"values":[1,0,0,0,0,0.9609,-0.277,0,0,0.277,0.9609,0,0,9.0375,0,1]},
{"frame":170,"values":[1,0,0,0,0,0.9327,-0.3607,0,0,0.3607,0.9327,0,0,9.0375,0,1]},
{"frame":171,"values":[1,0,0,0,0,0.8972,-0.4415,0,0,0.4415,0.8972,0,0,9.0375,0,1]},
{"frame":172,"values":[1,0,0,0,0,0.855,-0.5187,0,0,0.5187,0.855,0,0,9.0375,0,1]},
{"frame":173,"values":[1,0,0,0,0,0.8065,-0.5912,0,0,0.5912,0.8065,0,0,9.0375,0,1]},
{"frame":174,"values":[1,0,0,0,0,0.9946,-0.1043,0,0,0.1043,0.9946,0,0,9.0375,0,1]},
{"frame":175,"values":[1,0,0,0,0,1,0,0,0,0,1,0,0,9.0375,0,1]},
{"frame":283,"values":[1,0,0,0,0,1,0,0,0,0,1,0,0,9.0375,0,1]},
{"frame":291,"values":[0.9999,0.0091,-0.0117,0,-0.0091,0.9999,0.0068,0,0.0118,-0.0067,0.9999,0,0,9.0375,0,1]},
{"frame":292,"values":[0.9997,0.0036,-0.0233,0,-0.0034,1,0.0075,0,0.0233,-0.0074,0.9997,0,0,9.0375,0,1]},
{"frame":293,"values":[0.9994,0.0007,-0.0332,0,-0.0003,0.9999,0.0113,0,0.0332,-0.0113,0.9994,0,0,9.0375,0,1]},
{"frame":294,"values":[0.9992,-0.0005,-0.0408,0,0.0011,0.9999,0.0132,0,0.0408,-0.0132,0.9991,0,0,9.0375,0,1]},
{"frame":295,"values":[0.9989,-0.003,-0.0475,0,0.0037,0.9999,0.0158,0,0.0475,-0.0159,0.9987,0,0,9.0375,0,1]},
{"frame":296,"values":[0.9985,-0.0066,-0.0552,0,0.0075,0.9998,0.0161,0,0.0551,-0.0165,0.9983,0,0,9.0375,0,1]},
{"frame":297,"values":[0.9979,-0.0106,-0.0642,0,0.0116,0.9998,0.0156,0,0.0641,-0.0163,0.9978,0,0,9.0375,0,1]},
{"frame":298,"values":[0.9972,-0.0139,-0.0731,0,0.015,0.9998,0.0145,0,0.0729,-0.0155,0.9972,0,0,9.0375,0,1]},
{"frame":299,"values":[0.9967,-0.0169,-0.0797,0,0.0179,0.9998,0.0121,0,0.0794,-0.0135,0.9967,0,0,9.0375,0,1]},
{"frame":300,"values":[0.9964,-0.021,-0.0822,0,0.0215,0.9998,0.0042,0,0.0821,-0.0059,0.9966,0,0,9.0375,0,1]},
{"frame":301,"values":[0.9964,-0.028,-0.0794,0,0.0276,0.9996,-0.0066,0,0.0796,0.0044,0.9968,0,0,9.0375,0,1]},
{"frame":302,"values":[0.9969,-0.0326,-0.0715,0,0.0319,0.9994,-0.0107,0,0.0718,0.0084,0.9974,0,0,9.0375,0,1]},
{"frame":303,"values":[0.9977,-0.0307,-0.0604,0,0.0303,0.9995,-0.0073,0,0.0606,0.0054,0.9981,0,0,9.0375,0,1]},
{"frame":304,"values":[0.9985,-0.0264,-0.0485,0,0.0263,0.9997,-0.002,0,0.0485,0.0007,0.9988,0,0,9.0375,0,1]},
{"frame":305,"values":[0.9992,-0.0194,-0.0349,0,0.0195,0.9998,0.0022,0,0.0349,-0.0029,0.9994,0,0,9.0375,0,1]},
{"frame":306,"values":[0.9998,-0.0117,-0.0184,0,0.0117,0.9999,0.0035,0,0.0183,-0.0037,0.9998,0,0,9.0375,0,1]},
{"frame":307,"values":[1,-0.0074,-0.0005,0,0.0074,1,0.0052,0,0.0005,-0.0052,1,0,0,9.0375,0,1]},
{"frame":308,"values":[0.9999,-0.0071,0.0146,0,0.007,1,0.0067,0,-0.0147,-0.0066,0.9999,0,0,9.0375,0,1]},
{"frame":309,"values":[0.9997,-0.0088,0.0246,0,0.0086,0.9999,0.008,0,-0.0246,-0.0078,0.9997,0,0,9.0375,0,1]},
{"frame":310,"values":[0.9995,-0.0078,0.0308,0,0.0075,0.9999,0.0113,0,-0.0308,-0.0111,0.9995,0,0,9.0375,0,1]},
{"frame":311,"values":[0.9993,-0.0064,0.0364,0,0.0058,0.9999,0.0145,0,-0.0364,-0.0143,0.9992,0,0,9.0375,0,1]},
{"frame":312,"values":[0.999,-0.0035,0.0437,0,0.0028,0.9999,0.0162,0,-0.0437,-0.0161,0.9989,0,0,9.0375,0,1]},
{"frame":313,"values":[0.9986,0.0003,0.0522,0,-0.0012,0.9999,0.0164,0,-0.0522,-0.0165,0.9985,0,0,9.0375,0,1]},
{"frame":314,"values":[0.9982,0.0038,0.0592,0,-0.0046,0.9999,0.0122,0,-0.0591,-0.0124,0.9982,0,0,9.0375,0,1]},
{"frame":315,"values":[0.9981,0.0089,0.0613,0,-0.009,1,0.0026,0,-0.0612,-0.0032,0.9981,0,0,9.0375,0,1]},
{"frame":316,"values":[0.9983,0.0149,0.057,0,-0.0145,0.9999,-0.0073,0,-0.0571,0.0064,0.9983,0,0,9.0375,0,1]},
{"frame":317,"values":[0.9985,0.0232,0.0488,0,-0.0226,0.9997,-0.0122,0,-0.049,0.0111,0.9987,0,0,9.0375,0,1]},
{"frame":318,"values":[0.9988,0.0272,0.0397,0,-0.0268,0.9996,-0.0098,0,-0.04,0.0087,0.9992,0,0,9.0375,0,1]},
{"frame":319,"values":[0.9992,0.0271,0.0305,0,-0.0271,0.9996,-0.0034,0,-0.0306,0.0026,0.9995,0,0,9.0375,0,1]},
{"frame":320,"values":[0.9996,0.0226,0.0191,0,-0.0226,0.9997,0.002,0,-0.019,-0.0024,0.9998,0,0,9.0375,0,1]},
{"frame":321,"values":[0.9999,0.0157,0.0046,0,-0.0157,0.9999,0.0043,0,-0.0045,-0.0044,1,0,0,9.0375,0,1]},
{"frame":322,"values":[0.9999,0.0091,-0.0117,0,-0.0091,0.9999,0.0068,0,0.0118,-0.0067,0.9999,0,0,9.0375,0,1]}],"loopBehavior":1,"name":"anim","property":"_matrix"}},
{"name":"mixamorig1:Spine2","index":3,"matrix":[0.9999,0.0091,-0.0117,0,-0.0091,0.9999,0.0068,0,0.0118,-0.0067,0.9999,0,0,10.3285,0,1],"rest":[1,0,0,0,0,1,0,0,0,0,1,0,0,10.3285,0,1],"parentBoneIndex":2,"length":11.1409
,"animation":{"dataType":3,"framePerSecond":30,"keys":[
{"frame":1,"values":[1,0,0,0,0,1,0,0,0,0,1,0,0,10.3285,0,1]},
{"frame":2,"values":[1,0,0,0,0,1,0,0,0,0,1,0,0,10.3285,0,1]},
{"frame":11,"values":[1,0,0,0,0,1,0,0,0,0,1,0,0,10.3285,0,1]},
{"frame":283,"values":[1,0,0,0,0,1,0,0,0,0,1,0,0,10.3285,0,1]},
{"frame":291,"values":[0.9999,0.0091,-0.0117,0,-0.0091,0.9999,0.0068,0,0.0118,-0.0067,0.9999,0,0,10.3285,0,1]},
{"frame":292,"values":[0.9997,0.0036,-0.0233,0,-0.0034,1,0.0075,0,0.0233,-0.0074,0.9997,0,0,10.3285,0,1]},
{"frame":293,"values":[0.9994,0.0007,-0.0332,0,-0.0003,0.9999,0.0113,0,0.0332,-0.0113,0.9994,0,0,10.3285,0,1]},
{"frame":294,"values":[0.9992,-0.0005,-0.0408,0,0.0011,0.9999,0.0132,0,0.0408,-0.0132,0.9991,0,0,10.3285,0,1]},
{"frame":295,"values":[0.9989,-0.003,-0.0475,0,0.0037,0.9999,0.0158,0,0.0475,-0.0159,0.9987,0,0,10.3285,0,1]},
{"frame":296,"values":[0.9985,-0.0066,-0.0552,0,0.0075,0.9998,0.0161,0,0.0551,-0.0165,0.9983,0,0,10.3285,0,1]},
{"frame":297,"values":[0.9979,-0.0106,-0.0642,0,0.0116,0.9998,0.0156,0,0.0641,-0.0163,0.9978,0,0,10.3285,0,1]},
{"frame":298,"values":[0.9972,-0.0139,-0.0731,0,0.015,0.9998,0.0145,0,0.0729,-0.0155,0.9972,0,0,10.3285,0,1]},
{"frame":299,"values":[0.9967,-0.0169,-0.0797,0,0.0179,0.9998,0.0121,0,0.0794,-0.0135,0.9967,0,0,10.3285,0,1]},
{"frame":300,"values":[0.9964,-0.021,-0.0822,0,0.0215,0.9998,0.0042,0,0.0821,-0.0059,0.9966,0,0,10.3285,0,1]},
{"frame":301,"values":[0.9964,-0.028,-0.0794,0,0.0276,0.9996,-0.0066,0,0.0796,0.0044,0.9968,0,0,10.3285,0,1]},
{"frame":302,"values":[0.9969,-0.0326,-0.0715,0,0.0319,0.9994,-0.0107,0,0.0718,0.0084,0.9974,0,0,10.3285,0,1]},
{"frame":303,"values":[0.9977,-0.0307,-0.0604,0,0.0303,0.9995,-0.0073,0,0.0606,0.0054,0.9981,0,0,10.3285,0,1]},
{"frame":304,"values":[0.9985,-0.0264,-0.0485,0,0.0263,0.9997,-0.002,0,0.0485,0.0007,0.9988,0,0,10.3285,0,1]},
{"frame":305,"values":[0.9992,-0.0194,-0.0349,0,0.0195,0.9998,0.0022,0,0.0349,-0.0029,0.9994,0,0,10.3285,0,1]},
{"frame":306,"values":[0.9998,-0.0117,-0.0184,0,0.0117,0.9999,0.0035,0,0.0183,-0.0037,0.9998,0,0,10.3285,0,1]},
{"frame":307,"values":[1,-0.0074,-0.0005,0,0.0074,1,0.0052,0,0.0005,-0.0052,1,0,0,10.3285,0,1]},
{"frame":308,"values":[0.9999,-0.0071,0.0146,0,0.007,1,0.0067,0,-0.0147,-0.0066,0.9999,0,0,10.3285,0,1]},
{"frame":309,"values":[0.9997,-0.0088,0.0246,0,0.0086,0.9999,0.008,0,-0.0246,-0.0078,0.9997,0,0,10.3285,0,1]},
{"frame":310,"values":[0.9995,-0.0078,0.0308,0,0.0075,0.9999,0.0113,0,-0.0308,-0.0111,0.9995,0,0,10.3285,0,1]},
{"frame":311,"values":[0.9993,-0.0064,0.0364,0,0.0058,0.9999,0.0145,0,-0.0364,-0.0143,0.9992,0,0,10.3285,0,1]},
{"frame":312,"values":[0.999,-0.0035,0.0437,0,0.0028,0.9999,0.0162,0,-0.0437,-0.0161,0.9989,0,0,10.3285,0,1]},
{"frame":313,"values":[0.9986,0.0003,0.0522,0,-0.0012,0.9999,0.0164,0,-0.0522,-0.0165,0.9985,0,0,10.3285,0,1]},
{"frame":314,"values":[0.9982,0.0038,0.0592,0,-0.0046,0.9999,0.0122,0,-0.0591,-0.0124,0.9982,0,0,10.3285,0,1]},
{"frame":315,"values":[0.9981,0.0089,0.0613,0,-0.009,1,0.0026,0,-0.0612,-0.0032,0.9981,0,0,10.3285,0,1]},
{"frame":316,"values":[0.9983,0.0149,0.057,0,-0.0145,0.9999,-0.0073,0,-0.0571,0.0064,0.9983,0,0,10.3285,0,1]},
{"frame":317,"values":[0.9985,0.0232,0.0488,0,-0.0226,0.9997,-0.0122,0,-0.049,0.0111,0.9987,0,0,10.3285,0,1]},
{"frame":318,"values":[0.9988,0.0272,0.0397,0,-0.0268,0.9996,-0.0098,0,-0.04,0.0087,0.9992,0,0,10.3285,0,1]},
{"frame":319,"values":[0.9992,0.0271,0.0305,0,-0.0271,0.9996,-0.0034,0,-0.0306,0.0026,0.9995,0,0,10.3285,0,1]},
{"frame":320,"values":[0.9996,0.0226,0.0191,0,-0.0226,0.9997,0.002,0,-0.019,-0.0024,0.9998,0,0,10.3286,0,1]},
{"frame":321,"values":[0.9999,0.0157,0.0046,0,-0.0157,0.9999,0.0043,0,-0.0045,-0.0044,1,0,0,10.3285,0,1]},
{"frame":322,"values":[0.9999,0.0091,-0.0117,0,-0.0091,0.9999,0.0068,0,0.0118,-0.0067,0.9999,0,0,10.3285,0,1]}],"loopBehavior":1,"name":"anim","property":"_matrix"}},
{"name":"mixamorig1:Neck","index":4,"matrix":[1,0,0,0,0,0.9994,0.0332,0,0,-0.0332,0.9994,0,0,11.6196,0,1],"rest":[1,0,0,0,0,0.9994,0.0332,0,0,-0.0332,0.9994,0,0,11.6197,0,1],"parentBoneIndex":3,"length":17.5696
,"animation":{"dataType":3,"framePerSecond":30,"keys":[
{"frame":1,"values":[1,0,0,0,0,0.9994,0.0332,0,0,-0.0332,0.9994,0,0,11.6196,0,1]},
{"frame":2,"values":[1,0,0,0,0,0.9994,0.0332,0,0,-0.0332,0.9994,0,0,11.6196,0,1]},
{"frame":11,"values":[1,0,0,0,0,0.9994,0.0332,0,0,-0.0332,0.9994,0,0,11.6196,0,1]},
{"frame":103,"values":[0.997,0.0774,0.0026,0,-0.0774,0.9964,0.0331,0,0,-0.0332,0.9994,0,0,11.6196,0,1]},
{"frame":104,"values":[0.9847,0.1743,0.0058,0,-0.1744,0.9841,0.0327,0,0,-0.0332,0.9994,0,0,11.6196,0,1]},
{"frame":105,"values":[0.9628,0.27,0.009,0,-0.2702,0.9623,0.0319,0,0,-0.0332,0.9994,0,0,11.6196,0,1]},
{"frame":106,"values":[0.9316,0.3633,0.0121,0,-0.3635,0.9311,0.0309,0,0,-0.0332,0.9994,0,0,11.6196,0,1]},
{"frame":107,"values":[0.8915,0.4527,0.015,0,-0.4529,0.891,0.0296,0,0,-0.0332,0.9994,0,0,11.6196,0,1]},
{"frame":108,"values":[0.8434,0.537,0.0178,0,-0.5373,0.8429,0.028,0,0,-0.0332,0.9994,0,0,11.6196,0,1]},
{"frame":109,"values":[0.979,0.1914,0.07,0,-0.1936,0.9807,0.0263,0,-0.0636,-0.0393,0.9972,0,0,11.6196,0,1]},
{"frame":110,"values":[0.9899,-0.0047,0.1417,0,0,0.9994,0.0332,0,-0.1418,-0.0328,0.9894,0,0,11.6196,0,1]},
{"frame":111,"values":[0.9756,-0.0073,0.2194,0,0,0.9994,0.0332,0,-0.2196,-0.0324,0.9751,0,0,11.6196,0,1]},
{"frame":112,"values":[0.9551,-0.0098,0.2962,0,0,0.9994,0.0332,0,-0.2963,-0.0317,0.9546,0,0,11.6196,0,1]},
{"frame":113,"values":[0.9285,-0.0123,0.3711,0,0,0.9994,0.0332,0,-0.3713,-0.0308,0.928,0,0,11.6196,0,1]},
{"frame":114,"values":[0.8961,-0.0147,0.4435,0,0,0.9994,0.0332,0,-0.4438,-0.0297,0.8956,0,0,11.6196,0,1]},
{"frame":115,"values":[0.8583,-0.017,0.5129,0,0,0.9994,0.0332,0,-0.5131,-0.0285,0.8578,0,0,11.6196,0,1]},
{"frame":116,"values":[0.9596,-0.0093,0.2811,0,0,0.9994,0.0332,0,-0.2813,-0.0318,0.9591,0,0,11.6196,0,1]},
{"frame":117,"values":[1,0,0,0,0,1,-0.0065,0,0,0.0065,1,0,0,11.6196,0,1]},
{"frame":118,"values":[1,0,0,0,0,0.9943,-0.1062,0,0,0.1062,0.9943,0,0,11.6196,0,1]},
{"frame":119,"values":[1,0,0,0,0,0.9786,-0.2057,0,0,0.2057,0.9786,0,0,11.6196,0,1]},
{"frame":120,"values":[1,0,0,0,0,0.9529,-0.3033,0,0,0.3033,0.9529,0,0,11.6196,0,1]},
{"frame":121,"values":[1,0,0,0,0,0.9175,-0.3977,0,0,0.3977,0.9175,0,0,11.6196,0,1]},
{"frame":122,"values":[1,0,0,0,0,0.8731,-0.4875,0,0,0.4875,0.8731,0,0,11.6196,0,1]},
{"frame":123,"values":[1,0,0,0,0,0.9328,-0.3605,0,0,0.3605,0.9328,0,0,11.6196,0,1]},
{"frame":124,"values":[1,0,0,0,0,0.9994,0.0332,0,0,-0.0332,0.9994,0,0,11.6196,0,1]},
{"frame":283,"values":[1,0,0,0,0,0.9994,0.0332,0,0,-0.0332,0.9994,0,0,11.6196,0,1]},
{"frame":291,"values":[1,-0.0071,0.0024,0,0.007,0.9994,0.0332,0,-0.0027,-0.0332,0.9994,0,0,11.6197,0,1]},
{"frame":292,"values":[1,-0.0028,0.0035,0,0.0027,0.9993,0.0363,0,-0.0036,-0.0363,0.9993,0,0,11.6197,0,1]},
{"frame":293,"values":[1,0.0028,0.0051,0,-0.003,0.9993,0.0366,0,-0.005,-0.0366,0.9993,0,0,11.6197,0,1]},
{"frame":294,"values":[1,0.0067,0.0061,0,-0.007,0.9991,0.0421,0,-0.0058,-0.0421,0.9991,0,0,11.6197,0,1]},
{"frame":295,"values":[0.9999,0.0114,0.0075,0,-0.0117,0.9989,0.0451,0,-0.0069,-0.0452,0.999,0,0,11.6197,0,1]},
{"frame":296,"values":[0.9998,0.0173,0.0094,0,-0.0177,0.9987,0.0479,0,-0.0085,-0.048,0.9988,0,0,11.6197,0,1]},
{"frame":297,"values":[0.9997,0.0236,0.0117,0,-0.0242,0.9986,0.0479,0,-0.0105,-0.0482,0.9988,0,0,11.6197,0,1]},
{"frame":298,"values":[0.9995,0.0279,0.0134,0,-0.0284,0.9987,0.0434,0,-0.0121,-0.0438,0.999,0,0,11.6197,0,1]},
{"frame":299,"values":[0.9995,0.0282,0.0136,0,-0.0287,0.999,0.0355,0,-0.0126,-0.0359,0.9993,0,0,11.6197,0,1]},
{"frame":300,"values":[0.9996,0.0262,0.0128,0,-0.0266,0.999,0.0358,0,-0.0118,-0.0362,0.9993,0,0,11.6197,0,1]},
{"frame":301,"values":[0.9996,0.026,0.0119,0,-0.0264,0.9988,0.0405,0,-0.0108,-0.0408,0.9991,0,0,11.6197,0,1]},
{"frame":302,"values":[0.9997,0.0233,0.0101,0,-0.0237,0.9989,0.0394,0,-0.0091,-0.0396,0.9992,0,0,11.6197,0,1]},
{"frame":303,"values":[0.9998,0.0159,0.0069,0,-0.0162,0.9991,0.0383,0,-0.0062,-0.0384,0.9992,0,0,11.6196,0,1]},
{"frame":304,"values":[0.9999,0.0113,0.0044,0,-0.0115,0.9991,0.0409,0,-0.004,-0.041,0.9992,0,0,11.6196,0,1]},
{"frame":305,"values":[1,0.0074,0.0022,0,-0.0074,0.999,0.0444,0,-0.0018,-0.0444,0.999,0,0,11.6197,0,1]},
{"frame":306,"values":[1,0.0039,0.0001,0,-0.0039,0.9987,0.0504,0,0.0001,-0.0504,0.9987,0,0,11.6196,0,1]},
{"frame":307,"values":[1,0.0026,-0.0014,0,-0.0025,0.9986,0.052,0,0.0016,-0.052,0.9986,0,0,11.6196,0,1]},
{"frame":308,"values":[1,0.0022,-0.0026,0,-0.0021,0.9987,0.0518,0,0.0027,-0.0518,0.9987,0,0,11.6197,0,1]},
{"frame":309,"values":[1,0.0014,-0.0035,0,-0.0012,0.9986,0.0525,0,0.0035,-0.0525,0.9986,0,0,11.6197,0,1]},
{"frame":310,"values":[1,-0.0033,-0.005,0,0.0036,0.9987,0.0511,0,0.0048,-0.0511,0.9987,0,0,11.6197,0,1]},
{"frame":311,"values":[1,-0.0067,-0.0058,0,0.007,0.9987,0.0505,0,0.0055,-0.0506,0.9987,0,0,11.6197,0,1]},
{"frame":312,"values":[0.9999,-0.0108,-0.0067,0,0.0111,0.9988,0.0478,0,0.0062,-0.0478,0.9988,0,0,11.6197,0,1]},
{"frame":313,"values":[0.9999,-0.0154,-0.0078,0,0.0157,0.999,0.0407,0,0.0072,-0.0408,0.9991,0,0,11.6196,0,1]},
{"frame":314,"values":[0.9998,-0.0171,-0.0082,0,0.0174,0.9993,0.0341,0,0.0076,-0.0342,0.9994,0,0,11.6197,0,1]},
{"frame":315,"values":[0.9998,-0.0177,-0.0081,0,0.018,0.9993,0.0337,0,0.0075,-0.0339,0.9994,0,0,11.6197,0,1]},
{"frame":316,"values":[0.9999,-0.0151,-0.0068,0,0.0153,0.9993,0.0328,0,0.0063,-0.0329,0.9994,0,0,11.6197,0,1]},
{"frame":317,"values":[0.9999,-0.0143,-0.0056,0,0.0145,0.9995,0.0296,0,0.0052,-0.0297,0.9995,0,0,11.6197,0,1]},
{"frame":318,"values":[0.9999,-0.0096,-0.0033,0,0.0097,0.9997,0.024,0,0.003,-0.024,0.9997,0,0,11.6197,0,1]},
{"frame":319,"values":[1,-0.0064,-0.0013,0,0.0064,0.9998,0.021,0,0.0012,-0.0211,0.9998,0,0,11.6196,0,1]},
{"frame":320,"values":[1,-0.0038,0.0005,0,0.0038,0.9997,0.0233,0,-0.0006,-0.0233,0.9997,0,0,11.6197,0,1]},
{"frame":321,"values":[1,-0.0034,0.0019,0,0.0033,0.9996,0.0294,0,-0.002,-0.0294,0.9996,0,0,11.6197,0,1]},
{"frame":322,"values":[1,-0.0071,0.0024,0,0.007,0.9994,0.0332,0,-0.0027,-0.0332,0.9994,0,0,11.6197,0,1]}],"loopBehavior":1,"name":"anim","property":"_matrix"}},
{"name":"mixamorig1:Head","index":5,"matrix":[1,0,0,0,0,1,0,0,0,0,1,0,0,17.535,1.1031,1],"rest":[1,0,0,0,0,1,0,0,0,0,1,0,0,17.535,1.1031,1],"parentBoneIndex":4,"length":43.6451
,"animation":{"dataType":3,"framePerSecond":30,"keys":[
{"frame":1,"values":[1,0,0,0,0,1,0,0,0,0,1,0,0,17.535,1.1031,1]},
{"frame":2,"values":[1,0,0,0,0,1,0,0,0,0,1,0,0,17.535,1.1031,1]},
{"frame":11,"values":[1,0,0,0,0,1,0,0,0,0,1,0,0,17.535,1.1031,1]},
{"frame":124,"values":[0.9993,0,0.0366,0,0,1,0,0,-0.0366,0,0.9993,0,0,17.535,1.1031,1]},
{"frame":125,"values":[0.9748,0,0.2231,0,0,1,0,0,-0.2231,0,0.9748,0,0,17.535,1.1031,1]},
{"frame":126,"values":[0.9132,0,0.4076,0,0,1,0,0,-0.4076,0,0.9132,0,0,17.535,1.1031,1]},
{"frame":127,"values":[0.8152,0,0.5792,0,0,1,0,0,-0.5792,0,0.8152,0,0,17.535,1.1031,1]},
{"frame":128,"values":[0.686,0,0.7276,0,0,1,0,0,-0.7276,0,0.686,0,0,17.535,1.1031,1]},
{"frame":129,"values":[0.534,0,0.8455,0,0,1,0,0,-0.8455,0,0.534,0,0,17.535,1.1031,1]},
{"frame":130,"values":[0.5655,-0.0095,0.8247,0,-0.0095,0.9998,0.0181,0,-0.8247,-0.0181,0.5653,0,0,17.535,1.1031,1]},
{"frame":131,"values":[1,0,0,0,0,0.9928,0.1198,0,0,-0.1198,0.9928,0,0,17.535,1.1031,1]},
{"frame":132,"values":[1,0,0,0,0,0.976,0.2176,0,0,-0.2176,0.976,0,0,17.535,1.1031,1]},
{"frame":133,"values":[1,0,0,0,0,0.9494,0.3142,0,0,-0.3142,0.9494,0,0,17.535,1.1031,1]},
{"frame":134,"values":[1,0,0,0,0,0.913,0.4081,0,0,-0.4081,0.913,0,0,17.535,1.1031,1]},
{"frame":135,"values":[1,0,0,0,0,0.8673,0.4978,0,0,-0.4978,0.8673,0,0,17.535,1.1031,1]},
{"frame":136,"values":[1,0,0,0,0,0.8131,0.5821,0,0,-0.5821,0.8131,0,0,17.535,1.1031,1]},
{"frame":137,"values":[1,0,0,0,0,0.7514,0.6598,0,0,-0.6598,0.7514,0,0,17.535,1.1031,1]},
{"frame":138,"values":[0.9968,0.0802,0.0048,0,-0.0802,0.9897,0.1183,0,0.0048,-0.1183,0.993,0,0,17.535,1.1031,1]},
{"frame":139,"values":[0.9874,0.1583,0,0,-0.1583,0.9874,0,0,0,0,1,0,0,17.535,1.1031,1]},
{"frame":140,"values":[0.9717,0.2364,0,0,-0.2364,0.9717,0,0,0,0,1,0,0,17.535,1.1031,1]},
{"frame":141,"values":[0.9497,0.3133,0,0,-0.3133,0.9497,0,0,0,0,1,0,0,17.535,1.1031,1]},
{"frame":142,"values":[0.9216,0.3882,0,0,-0.3882,0.9216,0,0,0,0,1,0,0,17.535,1.1031,1]},
{"frame":143,"values":[0.8877,0.4605,0,0,-0.4605,0.8877,0,0,0,0,1,0,0,17.535,1.1031,1]},
{"frame":144,"values":[0.8484,0.5294,0,0,-0.5294,0.8484,0,0,0,0,1,0,0,17.535,1.1031,1]},
{"frame":145,"values":[0.9819,0.1894,-0.009,0,-0.1894,0.9774,-0.0942,0,-0.009,0.0942,0.9955,0,0,17.535,1.1031,1]},
{"frame":146,"values":[1,0,0,0,0,0.978,-0.2088,0,0,0.2088,0.978,0,0,17.535,1.1031,1]},
{"frame":147,"values":[1,0,0,0,0,0.9469,-0.3216,0,0,0.3216,0.9469,0,0,17.535,1.1031,1]},
{"frame":148,"values":[1,0,0,0,0,0.9023,-0.4311,0,0,0.4311,0.9023,0,0,17.535,1.1031,1]},
{"frame":149,"values":[1,0,0,0,0,0.8449,-0.5349,0,0,0.5349,0.8449,0,0,17.535,1.1031,1]},
{"frame":150,"values":[1,0,0,0,0,0.776,-0.6307,0,0,0.6307,0.776,0,0,17.535,1.1031,1]},
{"frame":151,"values":[1,0,0,0,0,0.6972,-0.7168,0,0,0.7168,0.6972,0,0,17.535,1.1031,1]},
{"frame":152,"values":[1,0,0,0,0,0.912,-0.4102,0,0,0.4102,0.912,0,0,17.535,1.1031,1]},
{"frame":153,"values":[1,0,0,0,0,1,0,0,0,0,1,0,0,17.535,1.1031,1]},
{"frame":283,"values":[1,0,0,0,0,1,0,0,0,0,1,0,0,17.535,1.1031,1]},
{"frame":291,"values":[1,-0.007,0.0027,0,0.007,1,0,0,-0.0027,0,1,0,0,17.535,1.1031,1]},
{"frame":292,"values":[1,-0.0027,0.0036,0,0.0027,1,0.0032,0,-0.0036,-0.0031,1,0,0,17.535,1.1031,1]},
{"frame":293,"values":[1,0.003,0.005,0,-0.003,1,0.0035,0,-0.005,-0.0035,1,0,0,17.535,1.1031,1]},
{"frame":294,"values":[1,0.0069,0.0059,0,-0.007,0.9999,0.0089,0,-0.0058,-0.009,0.9999,0,0,17.535,1.1031,1]},
{"frame":295,"values":[0.9999,0.0117,0.0071,0,-0.0117,0.9999,0.0119,0,-0.0069,-0.012,0.9999,0,0,17.535,1.1031,1]},
{"frame":296,"values":[0.9998,0.0176,0.0088,0,-0.0177,0.9997,0.0147,0,-0.0085,-0.0149,0.9999,0,0,17.535,1.1031,1]},
{"frame":297,"values":[0.9997,0.024,0.0109,0,-0.0242,0.9996,0.0148,0,-0.0105,-0.0151,0.9998,0,0,17.535,1.1031,1]},
{"frame":298,"values":[0.9995,0.0283,0.0124,0,-0.0284,0.9995,0.0102,0,-0.0121,-0.0106,0.9999,0,0,17.535,1.1031,1]},
{"frame":299,"values":[0.9995,0.0287,0.0126,0,-0.0287,0.9996,0.0024,0,-0.0126,-0.0027,0.9999,0,0,17.535,1.1031,1]},
{"frame":300,"values":[0.9996,0.0266,0.0119,0,-0.0266,0.9996,0.0027,0,-0.0118,-0.003,0.9999,0,0,17.535,1.1031,1]},
{"frame":301,"values":[0.9996,0.0263,0.011,0,-0.0264,0.9996,0.0073,0,-0.0108,-0.0076,0.9999,0,0,17.535,1.1031,1]},
{"frame":302,"values":[0.9997,0.0237,0.0093,0,-0.0237,0.9997,0.0062,0,-0.0091,-0.0064,0.9999,0,0,17.535,1.1031,1]},
{"frame":303,"values":[0.9998,0.0161,0.0063,0,-0.0162,0.9999,0.0051,0,-0.0062,-0.0052,1,0,0,17.535,1.1031,1]},
{"frame":304,"values":[0.9999,0.0114,0.004,0,-0.0115,0.9999,0.0077,0,-0.004,-0.0078,1,0,0,17.535,1.1031,1]},
{"frame":305,"values":[1,0.0074,0.0019,0,-0.0074,0.9999,0.0112,0,-0.0018,-0.0112,0.9999,0,0,17.535,1.1031,1]},
{"frame":306,"values":[1,0.0039,-0.0001,0,-0.0039,0.9998,0.0173,0,0.0001,-0.0173,0.9999,0,0,17.535,1.1031,1]},
{"frame":307,"values":[1,0.0025,-0.0015,0,-0.0025,0.9998,0.0189,0,0.0016,-0.0189,0.9998,0,0,17.535,1.1031,1]},
{"frame":308,"values":[1,0.0021,-0.0026,0,-0.0021,0.9998,0.0186,0,0.0027,-0.0186,0.9998,0,0,17.535,1.1031,1]},
{"frame":309,"values":[1,0.0013,-0.0035,0,-0.0012,0.9998,0.0193,0,0.0035,-0.0193,0.9998,0,0,17.535,1.1031,1]},
{"frame":310,"values":[1,-0.0035,-0.0049,0,0.0036,0.9998,0.0179,0,0.0048,-0.0179,0.9998,0,0,17.535,1.1031,1]},
{"frame":311,"values":[1,-0.0069,-0.0056,0,0.007,0.9998,0.0174,0,0.0055,-0.0174,0.9998,0,0,17.535,1.1031,1]},
{"frame":312,"values":[0.9999,-0.011,-0.0064,0,0.0111,0.9998,0.0146,0,0.0062,-0.0147,0.9999,0,0,17.535,1.1031,1]},
{"frame":313,"values":[0.9999,-0.0157,-0.0073,0,0.0157,0.9998,0.0075,0,0.0072,-0.0076,0.9999,0,0,17.535,1.1031,1]},
{"frame":314,"values":[0.9998,-0.0174,-0.0076,0,0.0174,0.9998,0.0009,0,0.0076,-0.0011,1,0,0,17.535,1.1031,1]},
{"frame":315,"values":[0.9998,-0.018,-0.0075,0,0.018,0.9998,0.0006,0,0.0075,-0.0007,1,0,0,17.535,1.1031,1]},
{"frame":316,"values":[0.9999,-0.0153,-0.0063,0,0.0153,0.9999,-0.0004,0,0.0063,0.0003,1,0,0,17.535,1.1031,1]},
{"frame":317,"values":[0.9999,-0.0145,-0.0051,0,0.0145,0.9999,-0.0036,0,0.0052,0.0035,1,0,0,17.535,1.1031,1]},
{"frame":318,"values":[0.9999,-0.0097,-0.003,0,0.0097,0.9999,-0.0092,0,0.003,0.0092,1,0,0,17.535,1.1031,1]},
{"frame":319,"values":[1,-0.0064,-0.0011,0,0.0064,0.9999,-0.0121,0,0.0012,0.0121,0.9999,0,0,17.535,1.1031,1]},
{"frame":320,"values":[1,-0.0038,0.0007,0,0.0038,0.9999,-0.0098,0,-0.0006,0.0098,1,0,0,17.535,1.1031,1]},
{"frame":321,"values":[1,-0.0033,0.002,0,0.0033,1,-0.0038,0,-0.002,0.0038,1,0,0,17.535,1.1031,1]},
{"frame":322,"values":[1,-0.007,0.0027,0,0.007,1,0,0,-0.0027,0,1,0,0,17.535,1.1031,1]}],"loopBehavior":1,"name":"anim","property":"_matrix"}},
{"name":"mixamorig1:HeadTop_End","index":6,"matrix":[1,0,0,0,0,1,0,0,0,0,1,0,0,43.559,2.7403,1],"rest":[1,0,0,0,0,1,0,0,0,0,1,0,0,43.559,2.7403,1],"parentBoneIndex":5,"length":43.6451
,"animation":{"dataType":3,"framePerSecond":30,"keys":[
{"frame":1,"values":[1,0,0,0,0,1,0,0,0,0,1,0,0,43.559,2.7403,1]},
{"frame":2,"values":[1,0,0,0,0,1,0,0,0,0,1,0,0,43.559,2.7403,1]},
{"frame":11,"values":[1,0,0,0,0,1,0,0,0,0,1,0,0,43.559,2.7403,1]},
{"frame":123,"values":[1,0,0,0,0,1,0,0,0,0,1,0,0,43.559,2.7402,1]},
{"frame":124,"values":[1,0,0,0,0,1,0,0,0,0,1,0,0,43.559,2.7403,1]},
{"frame":148,"values":[1,0,0,0,0,1,0,0,0,0,1,0,0,43.559,2.7402,1]},
{"frame":149,"values":[1,0,0,0,0,1,0,0,0,0,1,0,0,43.559,2.7403,1]},
{"frame":193,"values":[1,0,0,0,0,1,0,0,0,0,1,0,0,43.559,2.7402,1]},
{"frame":194,"values":[1,0,0,0,0,1,0,0,0,0,1,0,0,43.559,2.7403,1]},
{"frame":283,"values":[1,0,0,0,0,1,0,0,0,0,1,0,0,43.559,2.7403,1]},
{"frame":291,"values":[1,0,0,0,0,1,0,0,0,0,1,0,0,43.559,2.7403,1]},
{"frame":308,"values":[1,0,0,0,0,1,0,0,0,0,1,0,0,43.559,2.7402,1]},
{"frame":309,"values":[1,0,0,0,0,1,0,0,0,0,1,0,0,43.559,2.7403,1]},
{"frame":310,"values":[1,0,0,0,0,1,0,0,0,0,1,0,0,43.559,2.7402,1]},
{"frame":311,"values":[1,0,0,0,0,1,0,0,0,0,1,0,0,43.559,2.7403,1]},
{"frame":315,"values":[1,0,0,0,0,1,0,0,0,0,1,0,0,43.559,2.7402,1]},
{"frame":316,"values":[1,0,0,0,0,1,0,0,0,0,1,0,0,43.559,2.7403,1]},
{"frame":318,"values":[1,0,0,0,0,1,0,0,0,0,1,0,0,43.559,2.7402,1]},
{"frame":319,"values":[1,0,0,0,0,1,0,0,0,0,1,0,0,43.559,2.7403,1]},
{"frame":322,"values":[1,0,0,0,0,1,0,0,0,0,1,0,0,43.559,2.7403,1]}],"loopBehavior":1,"name":"anim","property":"_matrix"}},
{"name":"mixamorig1:LeftShoulder","index":7,"matrix":[-0.0098,-0.0001,-1,0,0.9352,-0.354,-0.0091,0,-0.354,-0.9352,0.0035,0,4.8535,9.7609,-0.0481,1],"rest":[-0.0098,-0.0001,-1,0,0.9352,-0.354,-0.0091,0,-0.354,-0.9352,0.0035,0,4.8536,9.7609,-0.0481,1],"parentBoneIndex":3,"length":10.4392
,"animation":{"dataType":3,"framePerSecond":30,"keys":[
{"frame":1,"values":[-0.0095,-0.0001,-1,0,0.9384,-0.3455,-0.0089,0,-0.3455,-0.9384,0.0034,0,4.8535,9.7608,-0.0481,1]},
{"frame":2,"values":[-0.0095,-0.0001,-1,0,0.9384,-0.3455,-0.0089,0,-0.3455,-0.9384,0.0034,0,4.8535,9.7608,-0.0481,1]},
{"frame":11,"values":[-0.0098,-0.0001,-1,0,0.9352,-0.354,-0.0091,0,-0.354,-0.9352,0.0035,0,4.8535,9.7608,-0.0481,1]},
{"frame":12,"values":[-0.0098,-0.0001,-1,0,0.9796,-0.2008,-0.0096,0,-0.2008,-0.9796,0.002,0,4.8535,9.7608,-0.0481,1]},
{"frame":13,"values":[-0.0098,-0.0001,-1,0,0.9992,-0.0381,-0.0098,0,-0.0381,-0.9993,0.0004,0,4.8535,9.7608,-0.0481,1]},
{"frame":14,"values":[-0.0098,-0.0001,-1,0,0.9917,0.1279,-0.0097,0,0.1279,-0.9918,-0.0012,0,4.8535,9.7608,-0.0481,1]},
{"frame":15,"values":[-0.0098,-0.0001,-1,0,0.9569,0.2903,-0.0094,0,0.2903,-0.9569,-0.0028,0,4.8535,9.7608,-0.0481,1]},
{"frame":16,"values":[-0.0098,-0.0001,-1,0,0.8966,0.4427,-0.0088,0,0.4427,-0.8967,-0.0043,0,4.8535,9.7608,-0.0481,1]},
{"frame":17,"values":[-0.0098,-0.0001,-1,0,0.8148,0.5796,-0.008,0,0.5796,-0.8149,-0.0056,0,4.8535,9.7608,-0.0481,1]},
{"frame":18,"values":[0.15,-0.0112,-0.9886,0,0.9691,-0.1962,0.1493,0,-0.1957,-0.9805,-0.0186,0,4.8535,9.7608,-0.0481,1]},
{"frame":19,"values":[0.2969,-0.0348,-0.9543,0,0.8864,-0.3616,0.289,0,-0.3551,-0.9317,-0.0765,0,4.8535,9.7608,-0.0481,1]},
{"frame":20,"values":[0.4426,-0.0459,-0.8956,0,0.8223,-0.3775,0.4257,0,-0.3576,-0.9249,-0.1293,0,4.8535,9.7608,-0.0481,1]},
{"frame":21,"values":[0.5779,-0.0597,-0.8139,0,0.7365,-0.3915,0.5516,0,-0.3516,-0.9182,-0.1823,0,4.8535,9.7608,-0.0481,1]},
{"frame":22,"values":[0.6977,-0.0756,-0.7124,0,0.6321,-0.4031,0.6618,0,-0.3372,-0.912,-0.2334,0,4.8535,9.7608,-0.0481,1]},
{"frame":23,"values":[0.798,-0.093,-0.5955,0,0.5137,-0.4118,0.7527,0,-0.3152,-0.9065,-0.2808,0,4.8535,9.7608,-0.0481,1]},
{"frame":24,"values":[0.1432,-0.0104,-0.9896,0,0.9193,-0.369,0.1369,0,-0.3666,-0.9294,-0.0433,0,4.8535,9.7608,-0.0481,1]},
{"frame":25,"values":[-0.1469,0.007,-0.9891,0,0.9301,-0.3393,-0.1405,0,-0.3366,-0.9406,0.0433,0,4.8535,9.7608,-0.0481,1]},
{"frame":26,"values":[-0.3177,0.0129,-0.9481,0,0.8972,-0.3194,-0.3049,0,-0.3067,-0.9475,0.0899,0,4.8535,9.7608,-0.0481,1]},
{"frame":27,"values":[-0.4802,0.0149,-0.877,0,0.835,-0.2984,-0.4623,0,-0.2686,-0.9543,0.1309,0,4.8535,9.7608,-0.0481,1]},
{"frame":28,"values":[-0.6268,0.013,-0.7791,0,0.7463,-0.2775,-0.6051,0,-0.2241,-0.9606,0.1642,0,4.8535,9.7608,-0.0481,1]},
{"frame":29,"values":[-0.7514,0.0075,-0.6598,0,0.6362,-0.2575,-0.7273,0,-0.1754,-0.9663,0.1887,0,4.8535,9.7608,-0.0481,1]},
{"frame":30,"values":[-0.1469,0.007,-0.9891,0,0.9301,-0.3393,-0.1405,0,-0.3366,-0.9406,0.0433,0,4.8535,9.7608,-0.0481,1]},
{"frame":31,"values":[-0.0098,-0.0001,-1,0,0.9352,-0.354,-0.0091,0,-0.354,-0.9352,0.0035,0,4.8535,9.7608,-0.0481,1]},
{"frame":154,"values":[-0.0098,-0.0001,-1,0,0.9352,-0.354,-0.0091,0,-0.354,-0.9352,0.0035,0,4.8535,9.7609,-0.0481,1]},
